810.2498 7.2570346E-11
805.8937 7.7172574E-11
801.5841 8.2121164E-11
797.3204 8.7468324E-11
793.1017 9.3267630E-11
788.9276 9.9548710E-11
784.7970 1.0634364E-10
780.7095 1.1371661E-10
776.6644 1.2174398E-10
772.6609 1.3048852E-10
768.6987 1.4001091E-10
764.7767 1.5039943E-10
760.8946 1.6176178E-10
757.0516 1.7420607E-10
753.2473 1.8783661E-10
749.4811 2.0278490E-10
745.7523 2.1920772E-10
742.0606 2.3727303E-10
738.4050 2.5714822E-10
734.7854 2.7902533E-10
731.2011 3.0312117E-10
727.6516 3.2966196E-10
724.1364 3.5887418E-10
720.6549 3.9098089E-10
717.2068 4.2621590E-10
713.7916 4.6478732E-10
710.4086 5.0683430E-10
707.0577 5.5241434E-10
703.7382 6.0148120E-10
700.4496 6.5381889E-10
697.1918 7.0897160E-10
693.9640 7.6619977E-10
690.7660 8.2443402E-10
687.5974 8.8225083E-10
684.4576 9.3787234E-10
681.3465 9.8923525E-10
678.2635 1.0341495E-09
675.2083 1.0705069E-09
672.1804 1.0965145E-09
669.1796 1.1109211E-09
666.2054 1.1132063E-09
663.2576 1.1036300E-09
660.3358 1.0831814E-09
657.4396 1.0533856E-09
654.5687 1.0161139E-09
651.7228 9.7335473E-10
648.9014 9.2701219E-10
646.1044 8.7877272E-10
643.3315 8.3002621E-10
640.5822 7.8188728E-10
637.8563 7.3516693E-10
635.1535 6.9042305E-10
632.4735 6.4800521E-10
629.8160 6.0810690E-10
627.1808 5.7080302E-10
624.5676 5.3607729E-10
621.9760 5.0384530E-10
619.4059 4.7399329E-10
616.8569 4.4639148E-10
614.3288 4.2089085E-10
611.8213 3.9733405E-10
609.3344 3.7556719E-10
606.8673 3.5545158E-10
604.4202 3.3685399E-10
601.9929 3.1964351E-10
599.5849 3.0369376E-10
597.1960 2.8890135E-10
594.8263 2.7517155E-10
592.4752 2.6241059E-10
590.1426 2.5052976E-10
587.8283 2.3945548E-10
585.5321 2.2912486E-10
583.2538 2.1947505E-10
580.9932 2.1044540E-10
578.7499 2.0198324E-10
576.5239 1.9404962E-10
574.3151 1.8660741E-10
572.1230 1.7961675E-10
569.9476 1.7304903E-10
567.7888 1.6688578E-10
565.6462 1.6110138E-10
563.5197 1.5565566E-10
561.4091 1.5051238E-10
559.3143 1.4565235E-10
557.2350 1.4106406E-10
555.1712 1.3672222E-10
553.1226 1.3259913E-10
551.0891 1.2869386E-10
549.0704 1.2502842E-10
547.0665 1.2159966E-10
545.0771 1.1835130E-10
543.1022 1.1520302E-10
541.1417 1.1211541E-10
539.1951 1.0910613E-10
537.2625 1.0621166E-10
535.3436 1.0344477E-10
533.4385 1.0079289E-10
531.5469 9.8242102E-11
529.6686 9.5788245E-11
527.8036 9.3429736E-11
525.9517 9.1164860E-11
524.1126 8.8996831E-11
522.2865 8.6934952E-11
520.4730 8.4980037E-11
518.6721 8.3115126E-11
516.8835 8.1314663E-11
515.1073 7.9567887E-11
513.3432 7.7886114E-11
511.5912 7.6286651E-11
509.8511 7.4772868E-11
508.1228 7.3331889E-11
506.4062 7.1950404E-11
504.7010 7.0630252E-11
503.0075 6.9389508E-11
501.3252 6.8252182E-11
499.6541 6.7227890E-11
497.9941 6.6296614E-11
496.3451 6.5406167E-11
494.7070 6.4497047E-11
493.0797 6.3529029E-11
491.4630 6.2489951E-11
489.8570 6.1383773E-11
488.2613 6.0227975E-11
486.6760 5.9073815E-11
485.1010 5.8005756E-11
483.5362 5.7089181E-11
481.9814 5.6308933E-11
480.4366 5.5573386E-11
478.9016 5.4792820E-11
477.3766 5.3944266E-11
475.8610 5.3065656E-11
474.3551 5.2211492E-11
472.8588 5.1434142E-11
471.3718 5.0775967E-11
469.8941 5.0240121E-11
468.4257 4.9762628E-11
466.9664 4.9254472E-11
465.5162 4.8688588E-11
464.0750 4.8117739E-11
462.6427 4.7596069E-11
461.2192 4.7118007E-11
459.8044 4.6653941E-11
458.3982 4.6210646E-11
457.0006 4.5806716E-11
455.6116 4.5401221E-11
454.2310 4.4917733E-11
452.8587 4.4348334E-11
451.4946 4.3789951E-11
450.1388 4.3342135E-11
448.7911 4.3015917E-11
447.4514 4.2776303E-11
446.1198 4.2628744E-11
444.7959 4.2589189E-11
443.4799 4.2575620E-11
442.1718 4.2409135E-11
440.8712 4.1971718E-11
439.5783 4.1335216E-11
438.2931 4.0704322E-11
437.0152 4.0249110E-11
435.7448 4.0005724E-11
434.4818 3.9894470E-11
433.2261 3.9787781E-11
431.9775 3.9570219E-11
430.7363 3.9191893E-11
429.5021 3.8687158E-11
428.2750 3.8132247E-11
427.0547 3.7585310E-11
425.8415 3.7084450E-11
424.6352 3.6695692E-11
423.4357 3.6515395E-11
422.2429 3.6604889E-11
421.0568 3.6943757E-11
419.8774 3.7454945E-11
418.7045 3.8046982E-11
417.5382 3.8614986E-11
416.3784 3.9039209E-11
415.2250 3.9238800E-11
414.0780 3.9233266E-11
412.9373 3.9129387E-11
411.8028 3.9059755E-11
410.6746 3.9151498E-11
409.5525 3.9541211E-11
408.4366 4.0364576E-11
407.3268 4.1723510E-11
406.2228 4.3691349E-11
405.1249 4.6319133E-11
404.0329 4.9537732E-11
402.9468 5.2971374E-11
401.8665 5.5915161E-11
400.7921 5.7637877E-11
399.7233 5.7817705E-11
398.6602 5.6724667E-11
397.6027 5.5004556E-11
396.5509 5.3297325E-11
395.5045 5.1992619E-11
394.4638 5.1202528E-11
393.4284 5.0854189E-11
392.3985 5.0805478E-11
391.3739 5.0953630E-11
390.3547 5.1301966E-11
389.3409 5.1930630E-11
388.3322 5.2913101E-11
387.3288 5.4245285E-11
386.3304 5.5842875E-11
385.3374 5.7591501E-11
384.3493 5.9407701E-11
383.3663 6.1267630E-11
382.3883 6.3150055E-11
381.4153 6.4930075E-11
380.4473 6.6332426E-11
379.4841 6.7027849E-11
378.5258 6.6814970E-11
377.5724 6.5721262E-11
376.6237 6.3967581E-11
375.6797 6.1846736E-11
374.7405 5.9625964E-11
373.8061 5.7492785E-11
372.8762 5.5535843E-11
371.9509 5.3771702E-11
371.0303 5.2201091E-11
370.1141 5.0837091E-11
369.2025 4.9695185E-11
368.2954 4.8777503E-11
367.3927 4.8076244E-11
366.4944 4.7583059E-11
365.6006 4.7263558E-11
364.7110 4.7051030E-11
363.8258 4.6865518E-11
362.9448 4.6657601E-11
362.0682 4.6391075E-11
361.1957 4.6022446E-11
360.3275 4.5530708E-11
359.4634 4.4948524E-11
358.6034 4.4334831E-11
357.7476 4.3718581E-11
356.8958 4.3094306E-11
356.0480 4.2479686E-11
355.2043 4.1909823E-11
354.3646 4.1391866E-11
353.5288 4.0903319E-11
352.6970 4.0432102E-11
