810.2498 1.6144834E-12
805.8937 1.6891511E-12
801.5841 1.8086445E-12
797.3204 1.8382724E-12
793.1017 1.8160114E-12
788.9276 1.8757413E-12
784.7970 1.9936607E-12
780.7095 2.0478736E-12
776.6644 2.0396044E-12
772.6609 2.0831726E-12
768.6987 2.1938176E-12
764.7767 2.2675505E-12
760.8946 2.2790697E-12
757.0516 2.3179104E-12
753.2473 2.4194850E-12
749.4811 2.5093131E-12
745.7523 2.5387275E-12
742.0606 2.5764393E-12
738.4050 2.6729216E-12
734.7854 2.7725639E-12
731.2011 2.8233477E-12
727.6516 2.8668268E-12
724.1364 2.9576578E-12
720.6549 3.0649784E-12
717.2068 3.1329392E-12
713.7916 3.1827353E-12
710.4086 3.2704514E-12
707.0577 3.3834255E-12
703.7382 3.4686358E-12
700.4496 3.5297811E-12
697.1918 3.6195491E-12
693.9640 3.7401067E-12
690.7660 3.8432547E-12
687.5974 3.9195084E-12
684.4576 4.0137121E-12
681.3465 4.1398716E-12
678.2635 4.2593038E-12
675.2083 4.3515048E-12
672.1804 4.4518608E-12
669.1796 4.5833073E-12
666.2054 4.7176243E-12
663.2576 4.8281487E-12
660.3358 4.9390726E-12
657.4396 5.0785405E-12
654.5687 5.2283412E-12
651.7228 5.3571566E-12
648.9014 5.4810384E-12
646.1044 5.6301652E-12
643.3315 5.7952462E-12
640.5822 5.9452408E-12
637.8563 6.0853393E-12
635.1535 6.2456576E-12
632.4735 6.4274046E-12
629.8160 6.5998166E-12
627.1808 6.7596814E-12
624.5676 6.9354080E-12
621.9760 7.1345516E-12
619.4059 7.3315971E-12
616.8569 7.5149843E-12
614.3288 7.7088899E-12
611.8213 7.9282102E-12
609.3344 8.1518212E-12
606.8673 8.3632181E-12
604.4202 8.5800377E-12
601.9929 8.8228808E-12
599.5849 9.0763352E-12
597.1960 9.3199467E-12
594.8263 9.5657917E-12
592.4752 9.8367269E-12
590.1426 1.0124361E-11
587.8283 1.0406559E-11
585.5321 1.0687754E-11
583.2538 1.0993225E-11
580.9932 1.1322289E-11
578.7499 1.1652036E-11
576.5239 1.1981796E-11
574.3151 1.2337449E-11
572.1230 1.2727622E-11
569.9476 1.3131814E-11
567.7888 1.3540093E-11
565.6462 1.3971328E-11
563.5197 1.4434687E-11
561.4091 1.4910340E-11
559.3143 1.5384515E-11
557.2350 1.5874595E-11
555.1712 1.6396771E-11
553.1226 1.6935361E-11
551.0891 1.7469807E-11
549.0704 1.8012236E-11
547.0665 1.8583579E-11
545.0771 1.9175606E-11
543.1022 1.9766473E-11
541.1417 2.0364030E-11
539.1951 2.0995143E-11
537.2625 2.1660449E-11
535.3436 2.2336933E-11
533.4385 2.3027734E-11
531.5469 2.3764681E-11
529.6686 2.4562156E-11
527.8036 2.5404779E-11
525.9517 2.6300500E-11
524.1126 2.7294812E-11
522.2865 2.8403687E-11
520.4730 2.9569121E-11
518.6721 3.0722428E-11
516.8835 3.1873480E-11
515.1073 3.3103457E-11
513.3432 3.4477404E-11
511.5912 3.5993687E-11
509.8511 3.7611921E-11
508.1228 3.9292489E-11
506.4062 4.1029326E-11
504.7010 4.2885456E-11
503.0075 4.4998012E-11
501.3252 4.7502967E-11
499.6541 5.0395143E-11
497.9941 5.3442539E-11
496.3451 5.6214366E-11
494.7070 5.8225424E-11
493.0797 5.9170828E-11
491.4630 5.9183214E-11
489.8570 5.8893460E-11
488.2613 5.9127529E-11
486.6760 6.0401954E-11
485.1010 6.2654978E-11
483.5362 6.5424735E-11
481.9814 6.8210451E-11
480.4366 7.0657424E-11
478.9016 7.2578187E-11
477.3766 7.4036707E-11
475.8610 7.5457328E-11
474.3551 7.7459622E-11
472.8588 8.0411407E-11
471.3718 8.4125228E-11
469.8941 8.8043267E-11
468.4257 9.1702784E-11
466.9664 9.5006190E-11
465.5162 9.8131163E-11
464.0750 1.0131380E-10
462.6427 1.0473857E-10
461.2192 1.0853129E-10
459.8044 1.1275764E-10
458.3982 1.1743058E-10
457.0006 1.2254540E-10
455.6116 1.2811824E-10
454.2310 1.3420445E-10
452.8587 1.4089141E-10
451.4946 1.4825499E-10
450.1388 1.5624030E-10
448.7911 1.6448048E-10
447.4514 1.7216371E-10
446.1198 1.7810228E-10
444.7959 1.8110591E-10
443.4799 1.8064369E-10
442.1718 1.7746973E-10
440.8712 1.7365452E-10
439.5783 1.7171488E-10
438.2931 1.7332120E-10
437.0152 1.7857588E-10
435.7448 1.8639768E-10
434.4818 1.9552872E-10
433.2261 2.0526084E-10
431.9775 2.1553440E-10
430.7363 2.2670879E-10
429.5021 2.3927782E-10
428.2750 2.5354180E-10
427.0547 2.6925315E-10
425.8415 2.8551200E-10
424.6352 3.0099681E-10
423.4357 3.1424499E-10
422.2429 3.2372033E-10
421.0568 3.2788089E-10
419.8774 3.2559547E-10
418.7045 3.1678613E-10
417.5382 3.0278724E-10
416.3784 2.8606437E-10
415.2250 2.6947583E-10
414.0780 2.5543762E-10
412.9373 2.4532634E-10
411.8028 2.3932115E-10
410.6746 2.3675226E-10
409.5525 2.3669555E-10
408.4366 2.3835189E-10
407.3268 2.4107272E-10
406.2228 2.4424857E-10
405.1249 2.4733762E-10
404.0329 2.4997415E-10
402.9468 2.5202590E-10
401.8665 2.5360861E-10
400.7921 2.5508617E-10
399.7233 2.5694460E-10
398.6602 2.5944788E-10
397.6027 2.6239416E-10
396.5509 2.6527969E-10
395.5045 2.6771024E-10
394.4638 2.6961774E-10
393.4284 2.7112612E-10
392.3985 2.7238944E-10
391.3739 2.7356767E-10
390.3547 2.7477517E-10
389.3409 2.7586727E-10
388.3322 2.7633429E-10
387.3288 2.7552630E-10
386.3304 2.7299463E-10
385.3374 2.6860708E-10
384.3493 2.6244920E-10
383.3663 2.5476857E-10
382.3883 2.4596516E-10
381.4153 2.3647143E-10
380.4473 2.2657999E-10
379.4841 2.1646646E-10
378.5258 2.0636250E-10
377.5724 1.9659699E-10
376.6237 1.8743884E-10
375.6797 1.7901582E-10
374.7405 1.7140134E-10
373.8061 1.6469044E-10
372.8762 1.5890779E-10
371.9509 1.5396405E-10
371.0303 1.4976023E-10
370.1141 1.4627605E-10
369.2025 1.4346861E-10
368.2954 1.4120358E-10
367.3927 1.3939104E-10
366.4944 1.3810339E-10
365.6006 1.3743576E-10
364.7110 1.3731606E-10
363.8258 1.3757984E-10
362.9448 1.3816003E-10
362.0682 1.3903327E-10
361.1957 1.4000424E-10
360.3275 1.4073671E-10
359.4634 1.4099807E-10
358.6034 1.4073188E-10
357.7476 1.3985081E-10
356.8958 1.3821447E-10
356.0480 1.3587315E-10
355.2043 1.3312211E-10
354.3646 1.3022322E-10
353.5288 1.2723245E-10
352.6970 1.2420492E-10
